647996
30852833
32149072
42130838
43686490
44982605
45371681
49131053
51723778
51853248
55872035
56001720
56390495
57038712
58334988
59501693
59890284
61964856
62872177
63650094
68057546
69613150
75965099
77650400
82576217
82835820
84002401
84261487
85946847
90613647
92558235
92687077
95150690
101373380
102021291
103188089
104354946
105780886
106299457
107854680
113428737
114465996
115503280
117188608
120169821
121725667
122633156
124188744
124706555
127688099
127947996
127948205
128336975
128462865
130411172
134559467
135464240
135855538
136504076
138966639
139355367
142985590
143115251
144022558
145578308
150759903
151930168
152708165
153874718
159967607
165023129
167875075
167875299
171375275
178634475
178634667
179541216
182653456
185505486
186542360
190561049
190820284
191857724
198339235
201190895
202746626
204431784
205468864
207672609
208190827
208709120
209746727
214024762
225562118
228024619
238006806
246691604
263669057
263932684
292700704
