536026
36462647
37713677
49153164
56123845
58447471
60413482
60949781
65060759
71137661
72389010
75606268
79895709
80432218
80968556
82398423
89547852
99557235
100987053
103132143
103489480
104740689
104919383
110460031
112247222
114034949
116179630
117250509
117609912
124580492
126725574
127796864
130478956
131015159
131372653
133338769
144241705
146029180
150318680
153714876
157110806
157288363
157647020
157647099
162473143
166941549
167656612
169980135
171231294
175341951
176055853
176235926
176414237
180882679
182313112
183563973
185529923
186602619
188210185
195003447
196254546
197505837
197863190
197863308
198578086
203225475
206978537
207157792
209481346
220204152
224674047
228070184
228606256
231108613
231823455
238078560
247195161
256310875
259885529
263460073
272217221
272218423
275971243
278653043
279189291
279903932
285444993
288126141
290985677
292237066
298314082
306714902
307251110
307608159
310468294
322622546
327447519
340848425
356220977
401444315
